-10.0000000000 -3.1781332268 0.0000000001
-9.9000000000 -3.1699162792 0.0000000001
-9.8000000000 -3.1616258464 0.0000000001
-9.7000000000 -3.1532605548 0.0000000001
-9.6000000000 -3.1448189911 0.0000000001
-9.5000000000 -3.1362997010 0.0000000001
-9.4000000000 -3.1277011870 0.0000000001
-9.3000000000 -3.1190219072 0.0000000001
-9.2000000000 -3.1102602731 0.0000000001
-9.1000000000 -3.1014146479 0.0000000001
-9.0000000000 -3.0924833444 0.0000000001
-8.9000000000 -3.0834646230 0.0000000001
-8.8000000000 -3.0743566892 0.0000000001
-8.7000000000 -3.0651576916 0.0000000001
-8.6000000000 -3.0558657192 0.0000000001
-8.5000000000 -3.0464787987 0.0000000001
-8.4000000000 -3.0369948921 0.0000000000
-8.3000000000 -3.0274118931 0.0000000000
-8.2000000000 -3.0177276249 0.0000000000
-8.1000000000 -3.0079398361 0.0000000000
-8.0000000000 -2.9980461979 0.0000000000
-7.9000000000 -2.9880442998 0.0000000000
-7.8000000000 -2.9779316461 0.0000000000
-7.7000000000 -2.9677056519 0.0000000000
-7.6000000000 -2.9573636382 0.0000000000
-7.5000000000 -2.9469028277 0.0000000000
-7.4000000000 -2.9363203396 0.0000000000
-7.3000000000 -2.9256131842 0.0000000000
-7.2000000000 -2.9147782577 0.0000000000
-7.1000000000 -2.9038123359 0.0000000000
-7.0000000000 -2.8927120675 0.0000000000
-6.9000000000 -2.8814739678 0.0000000000
-6.8000000000 -2.8700944113 0.0000000000
-6.7000000000 -2.8585696234 0.0000000000
-6.6000000000 -2.8468956725 0.0000000000
-6.5000000000 -2.8350684607 0.0000000000
-6.4000000000 -2.8230837142 0.0000000000
-6.3000000000 -2.8109369732 0.0000000000
-6.2000000000 -2.7986235801 0.0000000000
-6.1000000000 -2.7861386682 0.0000000000
-6.0000000000 -2.7734771482 0.0000000000
-5.9000000000 -2.7606336942 0.0000000000
-5.8000000000 -2.7476027290 0.0000000000
-5.7000000000 -2.7343784071 0.0000000000
-5.6000000000 -2.7209545974 0.0000000000
-5.5000000000 -2.7073248636 0.0000000000
-5.4000000000 -2.6934824436 0.0000000000
-5.3000000000 -2.6794202262 0.0000000000
-5.2000000000 -2.6651307265 0.0000000000
-5.1000000000 -2.6506060587 0.0000000000
-5.0000000000 -2.6358379063 0.0000000000
-4.9000000000 -2.6208174898 0.0000000000
-4.8000000000 -2.6055355304 0.0000000000
-4.7000000000 -2.5899822113 0.0000000000
-4.6000000000 -2.5741471341 0.0000000000
-4.5000000000 -2.5580192707 0.0000000000
-4.4000000000 -2.5415869112 0.0000000000
-4.3000000000 -2.5248376042 0.0000000000
-4.2000000000 -2.5077580924 0.0000000000
-4.1000000000 -2.4903342395 0.0000000000
-4.0000000000 -2.4725509495 0.0000000000
-3.9000000000 -2.4543920754 0.0000000000
-3.8000000000 -2.4358403172 0.0000000000
-3.7000000000 -2.4168771075 0.0000000000
-3.6000000000 -2.3974824810 0.0000000000
-3.5000000000 -2.3776349279 0.0000000000
-3.4000000000 -2.3573112266 0.0000000000
-3.3000000000 -2.3364862523 0.0000000000
-3.2000000000 -2.3151327587 0.0000000000
-3.1000000000 -2.2932211264 0.0000000000
-3.0000000000 -2.2707190720 0.0000000000
-2.9000000000 -2.2475913112 0.0000000000
-2.8000000000 -2.2237991651 0.0000000000
-2.7000000000 -2.1993000997 0.0000000000
-2.6000000000 -2.1740471824 0.0000000000
-2.5000000000 -2.1479884378 0.0000000000
-2.4000000000 -2.1210660794 0.0000000000
-2.3000000000 -2.0932155863 0.0000000000
-2.2000000000 -2.0643645851 0.0000000000
-2.1000000000 -2.0344314867 0.0000000000
-2.0000000000 -2.0033238076 0.0000000000
-1.9000000000 -1.9709360830 0.0000000000
-1.8000000000 -1.9371472473 0.0000000000
-1.7000000000 -1.9018173034 0.0000000000
-1.6000000000 -1.8647830377 0.0000000000
-1.5000000000 -1.8258524239 0.0000000000
-1.4000000000 -1.7847971977 0.0000000000
-1.3000000000 -1.7413428240 0.0000000000
-1.2000000000 -1.6951546576 0.0000000000
-1.1000000000 -1.6458183932 0.0000000000
-1.0000000000 -1.5928116786 0.0000000000
-0.9000000000 -1.5354615340 0.0000000000
-0.8000000000 -1.4728779626 0.0000000000
-0.7000000000 -1.4038454488 0.0000000000
-0.6000000000 -1.3266349523 0.0000000000
-0.5000000000 -1.2386528267 0.0000000000
-0.4000000000 -1.1357166395 0.0000000000
-0.3000000000 -1.0103375641 -0.0000000000
-0.2000000000 -0.8466786725 0.0000000000
-0.1000000000 -0.5989496246 -0.0000000000
-0.0000000000 -0.0000000000 -0.0000000000
0.1000000000 0.5989496246 0.0000000000
0.2000000000 0.8466786725 -0.0000000000
0.3000000000 1.0103375641 -0.0000000000
0.4000000000 1.1357166395 0.0000000000
0.5000000000 1.2386528267 0.0000000000
0.6000000000 1.3266349523 0.0000000000
0.7000000000 1.4038454488 0.0000000000
0.8000000000 1.4728779626 0.0000000000
0.9000000000 1.5354615340 0.0000000000
1.0000000000 1.5928116786 0.0000000000
1.1000000000 1.6458183932 0.0000000000
1.2000000000 1.6951546576 0.0000000000
1.3000000000 1.7413428240 0.0000000000
1.4000000000 1.7847971977 0.0000000000
1.5000000000 1.8258524239 0.0000000000
1.6000000000 1.8647830377 0.0000000000
1.7000000000 1.9018173034 0.0000000000
1.8000000000 1.9371472473 0.0000000000
1.9000000000 1.9709360830 0.0000000000
2.0000000000 2.0033238076 0.0000000000
2.1000000000 2.0344314867 0.0000000000
2.2000000000 2.0643645851 0.0000000000
2.3000000000 2.0932155863 0.0000000000
2.4000000000 2.1210660794 0.0000000000
2.5000000000 2.1479884378 0.0000000000
2.6000000000 2.1740471824 0.0000000000
2.7000000000 2.1993000997 0.0000000000
2.8000000000 2.2237991651 0.0000000000
2.9000000000 2.2475913112 0.0000000000
3.0000000000 2.2707190720 0.0000000000
3.1000000000 2.2932211264 0.0000000000
3.2000000000 2.3151327587 0.0000000000
3.3000000000 2.3364862523 0.0000000000
3.4000000000 2.3573112266 0.0000000000
3.5000000000 2.3776349279 0.0000000000
3.6000000000 2.3974824810 0.0000000000
3.7000000000 2.4168771075 0.0000000000
3.8000000000 2.4358403172 0.0000000000
3.9000000000 2.4543920754 0.0000000000
4.0000000000 2.4725509495 0.0000000000
4.1000000000 2.4903342395 0.0000000000
4.2000000000 2.5077580924 0.0000000000
4.3000000000 2.5248376042 0.0000000000
4.4000000000 2.5415869112 0.0000000000
4.5000000000 2.5580192707 0.0000000000
4.6000000000 2.5741471341 0.0000000000
4.7000000000 2.5899822113 0.0000000000
4.8000000000 2.6055355304 0.0000000000
4.9000000000 2.6208174898 0.0000000000
5.0000000000 2.6358379063 0.0000000000
5.1000000000 2.6506060587 0.0000000000
5.2000000000 2.6651307265 0.0000000000
5.3000000000 2.6794202262 0.0000000000
5.4000000000 2.6934824436 0.0000000000
5.5000000000 2.7073248636 0.0000000000
5.6000000000 2.7209545974 0.0000000000
5.7000000000 2.7343784071 0.0000000000
5.8000000000 2.7476027290 0.0000000000
5.9000000000 2.7606336942 0.0000000000
6.0000000000 2.7734771482 0.0000000000
6.1000000000 2.7861386682 0.0000000000
6.2000000000 2.7986235801 0.0000000000
6.3000000000 2.8109369732 0.0000000000
6.4000000000 2.8230837142 0.0000000000
6.5000000000 2.8350684607 0.0000000000
6.6000000000 2.8468956725 0.0000000000
6.7000000000 2.8585696234 0.0000000000
6.8000000000 2.8700944113 0.0000000000
6.9000000000 2.8814739678 0.0000000000
7.0000000000 2.8927120675 0.0000000000
7.1000000000 2.9038123359 0.0000000000
7.2000000000 2.9147782577 0.0000000000
7.3000000000 2.9256131842 0.0000000000
7.4000000000 2.9363203396 0.0000000000
7.5000000000 2.9469028277 0.0000000000
7.6000000000 2.9573636382 0.0000000000
7.7000000000 2.9677056519 0.0000000000
7.8000000000 2.9779316461 0.0000000000
7.9000000000 2.9880442998 0.0000000000
8.0000000000 2.9980461979 0.0000000000
8.1000000000 3.0079398361 0.0000000000
8.2000000000 3.0177276249 0.0000000000
8.3000000000 3.0274118931 0.0000000000
8.4000000000 3.0369948921 0.0000000000
8.5000000000 3.0464787987 0.0000000001
8.6000000000 3.0558657192 0.0000000001
8.7000000000 3.0651576916 0.0000000001
8.8000000000 3.0743566892 0.0000000001
8.9000000000 3.0834646230 0.0000000001
9.0000000000 3.0924833444 0.0000000001
9.1000000000 3.1014146479 0.0000000001
9.2000000000 3.1102602731 0.0000000001
9.3000000000 3.1190219072 0.0000000001
9.4000000000 3.1277011870 0.0000000001
9.5000000000 3.1362997010 0.0000000001
9.6000000000 3.1448189911 0.0000000001
9.7000000000 3.1532605548 0.0000000001
9.8000000000 3.1616258464 0.0000000001
9.9000000000 3.1699162792 0.0000000001
10.0000000000 3.1781332268 0.0000000001
